181
20
217
17
93
155
101
252
228
240
54
85
208
202
159
18
86
112
47
105
228
103
151
240
75
72
174
167
185
113
209
159
163
255
140
14
235
51
205
178
125
62
242
98
205
118
225
94
42
93
221
216
158
123
60
200
208
149
9
145
232
58
137
219
191
194
111
179
184
124
77
192
12
173
100
25
61
226
171
148
127
177
24
237
15
69
183
96
43
143
47
180
193
33
66
19
100
100
3
255
110
45
106
151
96
134
117
178
100
160
211
15
95
209
181
222
224
200
195
196
238
116
38
13
141
136
213
163
214
187
193
4
234
154
241
132
26
8
156
100
48
135
157
208
148
210
152
221
33
96
